--a
0000
0111
1001
1001
0111
0000
0000
--à
0100
0111
1001
1001
0111
0000
0000
--b
1000
1000
1110
1001
1110
0000
0000
--c
000
011
100
100
011
000
000
--d
0001
0111
1001
1001
0111
0000
0000
--e
0000
0110
1011
1100
0110
0000
--é
0001
0110
1011
1100
0110
0000
0000
--è
1000
0110
1011
1100
0110
0000
0000
--f
001
010
111
010
010
000
000
--g
0000
0111
1001
1001
0111
0001
0010
--h
1000
1110
1001
1001
1001
0000
0000
--i
1
0
1
1
1
0
0
--j
01
00
01
01
01
01
10
--k
1000
1001
1010
1110
1001
0000
0000
--l
1
1
1
1
1
0
0
--m
00000
11110
10101
10101
10101
00000
00000
--n
0000
1110
1001
1001
1001
0000
0000
--o
0000
0110
1001
1001
0110
0000
0000
--p
0000
1110
1001
1001
1110
1000
1000
--q
0000
0111
1001
1001
0111
0001
0001
--r
000
101
110
100
100
000
000
--s
0000
0111
1100
0011
1110
0000
0000
--t
010
111
010
010
001
000
000
--u
0000
1001
1001
1001
0111
0000
0000
--v
0000
1001
1001
1010
0100
0000
0000
--w
00000
10101
10101
01010
01010
00000
00000
--x
000
101
010
010
101
000
000
--y
0000
1001
1001
1001
0111
0001
0110
--z
0000
1111
0010
0100
1111
0000
0000
--1
11
01
01
01
01
00
00
--2
1110
0001
0110
1000
1111
0000
0000
--3
1110
0001
0111
0001
1110
0000
0000
--4
0010
0110
1010
1111
0010
0000
0000
--5
1111
1000
1110
0001
1110
0000
0000
--6
0110
1000
1110
1001
0110
0000
0000
--7
1111
0001
0010
0100
0100
0000
0000
--8
0110
1001
0110
1001
0110
0000
0000
--9
0110
1001
0111
0001
0110
--0
0110
1001
1001
1001
0110
0000
0000
--.
0
0
0
0
1
--!
1
1
1
0
1
--?
1110
0001
0110
0000
0100
--+
000
010
111
010
--=
000
111
000
111
--*
101
010
101
--,
00
00
00
00
01
10
--/
00001
00010
00100
01000
10000
--\
10000
01000
00100
00010
00001
--(
01
10
10
10
01
--)
10
01
01
01
10
--'
1
1
-->
100
010
001
010
100
--<
001
010
100
010
001
--%
0101
0001
0010
0100
0101
--$
0010
0111
1100
0011
1110
0100
0000
--~
00000
00000
01001
10110
---
0000
0000
1111
--:
0
1
0
1
--|
1
1
1
1
1
1
1

--§
0101010
0101010
1111111
1111111
1111111
