--1
00001100
00111100
00001100
00001100
00001100
00001100
00001100
00001100
00001100
00001100
--2
00111100
11000110
00000011
00000011
00000110
00111100
01100000
11000000
11000001
11111111
--3
01111100
11100110
00000011
00000011
01111110
01111110
00000011
00000011
11100110
01111100
--4
00000100
00001100
00011100
00101100
01001100
10001100
11111111
11111110
00001100
00001100
--5
11111111
11000001
11000000
1100000
11111000
11001110
00000011
00000011
10001110
11111100
--6
00111110
01100011
11000000
11000000
11111100
11100110
11000011
11000011
01100110
00111100
--7
11111111
10000111
00000011
00000110
00001100
00011000
00110000
00110000
00110000
00110000
--8
00111100
01100110
11000011
11000011
01111110
01100110
11000011
11000011
01100110
00111100
--9
00111100
01100110
11000011
11000011
01100111
00111110
00000011
00000011
11000110
01111110
--0
00111100
01100110
11000011
11000011
11000011
11000011
11000011
11000011
01100110
00111100
--:
0
0
1
0
0
0
0
1